{
  "advancedEditorSelectedIdentifier" : "ProjectBrowser",
  "openSceneRelativePaths" : [
    "Planet.usda",
    "Scene.usda"
  ],
  "recentIdentifiers" : {
    "E48BB0D1-EED6-44AD-97BD-7BBA93DCF4B7" : [

    ]
  },
  "sceneCameraHistory" : {
    "26DBAE76-5DD8-47B6-A085-1B4ADA111097" : [
      {
        "date" : 730191137.447116,
        "title" : "Untitled",
        "transform" : [
          0.99999994,
          0,
          -0,
          0,
          -0,
          0.8660255,
          -0.49999988,
          0,
          0,
          0.49999988,
          0.8660255,
          0,
          0,
          0.19323313,
          0.33488962,
          1
        ]
      }
    ],
    "E48BB0D1-EED6-44AD-97BD-7BBA93DCF4B7" : [
      {
        "date" : 730198694.537809,
        "title" : "Untitled",
        "transform" : [
          0.4404418,
          0.24159856,
          -0.86466247,
          0,
          -0.82951784,
          0.47788274,
          -0.2890128,
          0,
          0.34338215,
          0.84454614,
          0.41088977,
          0,
          2.9039214,
          5.235404,
          2.9877434,
          1
        ]
      },
      {
        "date" : 730198681.979415,
        "title" : "Untitled",
        "transform" : [
          0.4404418,
          0.24159856,
          -0.86466247,
          0,
          -0.82951784,
          0.47788274,
          -0.2890128,
          0,
          0.34338215,
          0.84454614,
          0.41088977,
          0,
          2.9193676,
          3.7005131,
          2.5667424,
          1
        ]
      },
      {
        "date" : 730198675.634798,
        "title" : "Untitled",
        "transform" : [
          0.4404418,
          0.24159856,
          -0.86466247,
          0,
          -0.82951784,
          0.47788274,
          -0.2890128,
          0,
          0.34338215,
          0.84454614,
          0.41088977,
          0,
          2.8182552,
          3.0809517,
          1.8325149,
          1
        ]
      },
      {
        "date" : 730198666.202942,
        "title" : "Untitled",
        "transform" : [
          0.4404418,
          0.24159856,
          -0.86466247,
          0,
          -0.82951784,
          0.47788274,
          -0.2890128,
          0,
          0.34338215,
          0.84454614,
          0.41088977,
          0,
          2.847777,
          2.6478467,
          1.0316497,
          1
        ]
      },
      {
        "date" : 730198664.820635,
        "title" : "Untitled",
        "transform" : [
          0.4404418,
          0.24159856,
          -0.86466247,
          0,
          -0.82951784,
          0.47788274,
          -0.2890128,
          0,
          0.34338215,
          0.84454614,
          0.41088977,
          0,
          2.8479705,
          2.62558,
          0.99427724,
          1
        ]
      },
      {
        "date" : 730198638.396855,
        "title" : "Untitled",
        "transform" : [
          -0.10559528,
          4.6204655e-06,
          -0.99440914,
          0,
          -0.7199973,
          0.68975204,
          0.076458976,
          0,
          0.6858961,
          0.72404563,
          -0.072831236,
          0,
          3.6649058,
          1.460635,
          -0.5957863,
          1
        ]
      },
      {
        "date" : 730198622.569761,
        "title" : "Untitled",
        "transform" : [
          -0.10559528,
          4.6204655e-06,
          -0.99440914,
          0,
          -0.7199973,
          0.68975204,
          0.076458976,
          0,
          0.6858961,
          0.72404563,
          -0.072831236,
          0,
          3.694695,
          1.4920812,
          -0.59894955,
          1
        ]
      },
      {
        "date" : 730198462.300657,
        "title" : "Untitled",
        "transform" : [
          -0.16990836,
          -5.123618e-09,
          -0.98545986,
          0,
          -0.63251555,
          0.7668318,
          0.10905535,
          0,
          0.75568193,
          0.64184815,
          -0.13029112,
          0,
          5.138087,
          3.1910598,
          -3.2182043,
          1
        ]
      },
      {
        "date" : 730198442.131195,
        "title" : "Untitled",
        "transform" : [
          -0.16990836,
          -5.123618e-09,
          -0.98545986,
          0,
          -0.63251555,
          0.7668318,
          0.10905535,
          0,
          0.75568193,
          0.64184815,
          -0.13029112,
          0,
          1.5595076,
          0.9685477,
          1.4608965,
          1
        ]
      },
      {
        "date" : 730198437.284784,
        "title" : "Untitled",
        "transform" : [
          -0.16990836,
          -5.123618e-09,
          -0.98545986,
          0,
          -0.63251555,
          0.7668318,
          0.10905535,
          0,
          0.75568193,
          0.64184815,
          -0.13029112,
          0,
          5.272381,
          3.2744644,
          -1.012999,
          1
        ]
      }
    ]
  },
  "selectedSceneRelativePath" : "Planet.usda"
}